goal_1 : [33.3862, 3.4584]
goal_2 : [27.9345, 4.58195]
goal_3 : [23.6845, 5.32248]