goal_1 : [33.3862, 3.4584]
goal_2 : [28.3781, 4.4159]
goal_3 : [25.9164, 3.80199]

h_goal_1 : [28.8069, 0.301268]
h_goal_2 : [25.7701, 0.477472]
h_goal_3 : [21.4732, 0.962557]
